000053760
000129720
000136080
000141880
000147640
000154440
000156920
000157680
000200600
000203440
000211520
000215000
000220800
000228720
000233150
000245320
000248760
000258720
000300880
000324600
000334720
000348240
000400470
000400760
000406400
000411000
000416880
000426760
000502680
000510000
000513080
000524280
000525160
000529520
000534560
000537680
000540120
000552520
000556760
000558640
000612600
000614400
000639440
000649600
000651640
000652200
000653480
000721600
000746480
000755600
000756000
000757120
000803520
000820200
000833760
000835400
000839000
000853280
000858960
000907600
000912080
000913240
000915360
000919080
000930560
000934360
000940720
000949960
001001280
001004640
001004800
001009080
001014760
001017240
001047320
001049800
001057080
001101120
001107200
001109640
001118760
001134160
001134360
001148800
001200320
001211680
001212920
001219360
001248400
001248840
001252560
001302720
001312880
001326200
001400360
001413320
001413640
001415160
001417240
001422480
001425640
001427040
001428960
001429760
001434000
001447520
001454280
001510080
001512280
001514200
001529244
001534280
001536560
001539880
001548840
001556080
001608280
001611640
001614160
001727080
001732000
001735040
001750640
001751200
001755560
001810680
001824160
001836840
001859440
001900080
001902960
001913760
001920440
001924480
001931360
001942000
001942920
001950560
001957800
002012600
002013840
002018840
002035960
002039000
002051680
002103120
002109160
002119960
002122720
002124520
002128000
002152040
002153440
002200840
002211840
002214160
002224560
002244440
002254080
002307480
002312160
002315240
002319000
002339200
002344800
002346120
002350240
002356200
002359240
002400600
002409320
002411520
002413560
002423280
002426360
002432000
002432520
002436200
002444440
002455160
002501280
002508560
002526800
002538320
002558080
002602010
002623400
002628240
002633600
002636120
002637400
002637600
002638200
002642400
002648320
002655640
002717360
002718840
002733800
002736650
002740280
002743440
002751240
002757480
002824440
002825400
002828280
002834880
002847000
002851480
002856400
002858720
002927040
002927320
002928720
002930160
002941200
002945280
002959440
003002640
003013600
003028520
003044120
003057240
003058360
003123600
003136360
003141750
003142960
003143640
003147440
003152320
003211120
003215240
003224840
003237960
003254880
003300160
003311280
003330360
003341680
003401160
003403720
003416000
003418320
003422440
003424480
003442000
003444720
003503720
003511040
003523280
003527280
003547200
003548840
003553880
003601520
003617520
003620840
003623920
003648760
003656920
003710160
003712040
003736920
003738320
003740400
003741680
003747250
003749960
003751120
003752320
003811080
003826400
003827240
003834680
003838830
003912680
003918080
003922040
003930400
003948600
003955400
003959040
004004640
004007000
004007120
004013000
004026373
004032400
004037600
004049160
004052440
004053720
004102320
004110320
004115720
004117520
004119160
004124280
004124520
004141880
004152200
004153880
004158280
004201000
004209480
004216560
004226160
004242000
004244160
004247360
004256600
004301400
004309200
004310840
004327320
004359480
004434240
004452360
004607640
004615680
004648160
004649360
004658280
004709320
004714080
004720240
004732840
004741880
004743440
004746240
004750800
004808040
004809080
004816840
004852120
004858400
004859520
004901840
004911320
004911520
004913240
004916520
004917080
004921440
004935200
004952320
004952800
004955840
005000920
005004080
005004351
005012559
005016080
005026080
005026600
005034440
005051280
005053400
005102342
005114160
005116380
005129480
005145400
005234520
005236400
005240800
005241280
005247840
005256360
005256960
005319000
005342640
005355240
005357320
005404240
005412640
005427200
005431120
005449240
005458680
005507560
005508320
005522360
005524880
005529720
005533440
005533800
005535400
005546240
005551440
005552760
005554440
005616560
005617680
005618120
005623440
005636480
005637280
005640360
005640960
005704040
005710520
005737160
005742280
005755240
005759440
005823720
005835160
005851000
005929640
010014245
010017448
010029640
010052800
010103760
010124920
010133400
010144880
010219920
010223640
010246480
010312000
010312120
010317400
010318200
010411560
010419000
010421480
010429440
010436320
010437320
010452320
010507760
010519880
010527160
010551560
010559480
010600000
010600560
010601240
010601400
010604520
010607840
010621360
010646560
010648120
010704840
010707440
010713720
010724560
010732240
010757280
010802440
010813920
010819280
010825400
010833120
010833880
010836440
010844560
010847040
010852630
010918120
010924695
010930280
010955040
011022320
011034560
011102200
011106800
011115520
011121360
011126040
011133280
011133640
011200240
011236360
011307560
011308080
011313640
011359510
011417280
011418440
011439240
011442920
011454200
011506320
011533520
011534760
011611760
011613160
011630440
011723480
011723680
011755160
011813160
011827720
011836920
011836960
011846920
011852560
011905400
011952080
012005840
012028240
012045360
012101280
012116600
012121720
012145840
012205080
012208725
012216200
012219360
012307200
012322720
012325120
012330040
012338000
012342520
012346400
012350560
012400800
012404320
012426080
012447920
012507950
012521080
012536000
012604960
012608680
012624160
012707800
012756960
012807080
012810240
012815480
012837720
012842600
012852729
012903510
012909920
012911200
012912640
012914160
012920480
012921000
012924320
012930400
012933040
012938440
012941520
012941611
012959000
013034640
013035320
013046680
013200320
013318840
013403320
013412400
013423280
013426520
013432800
013434320
013450120
013553000
013603800
013609840
013620480
013644240
013811720
013817720
013837720
013905520
014010840
014023080
014113920
014335720
014442160
014651640
014734880
015342520
015535760
020000920
020205600
020605800
020657480
020922000
020939080
021000240
